0.7615138636865881
0.23953394630290176
0.8535132275132276
0.9412099619602339
0.6821405469581594
0.7508657155384401
0.46421526731223645
0.588478231972927
0.47619441137469504
0.7260607347515866
0.7405768637838447
0.07892438474786925
0.8034258710511428
0.6513629292412472
0.7508657155384401
0.5551933382130676
0.07892438474786925
0.8324292267682096
0.16950034069381734
0.32324936132266463
0.9412099619602339
0.8220588563978394
0.5741135260064948
0.5970120155434939
0.29072759907739937
0.5702796615553579
0.6846053645002965
0.27234027041357367
0.9412099619602339
0.7203906316588031
0.5224182185958427
0.7825211552023542
0.600342638752588
0.7203906316588031
0.7689084717893657
0.1974333214735568
0.513978502283786
0.7427677871015286
0.07892438474786925
0.5746233001491293
0.8719072107571406
0.9412099619602339
0.8346270289660118
0.4992966773889555
0.7719408691219575
0.7203906316588031
0.8102972076523196
0.7260607347515866
0.6006842020417709
0.600342638752588
0.7203906316588031
0.9412099619602339
0.9170341377844096
0.7203906316588031
0.9412099619602339
0.9412099619602339
0.6944019310938313
0.9412099619602339
0.8194679654706203
0.6402849384771865
0.3727350568069817
0.7515394378244429
0.3992479626921292
0.12654950923214864
0.6526787187149314
0.07892438474786925
0.7615138636865881
0.30074868118283515
0.6318595754241638
0.7203906316588031
0.3709312039559126
0.9412099619602339
0.600342638752588
0.32887167381316396
0.4100160305467645
0.5779976993343398
0.9412099619602339
0.7508657155384401
0.2329740683471428
0.7427677871015286
0.46896010807890864
0.600342638752588
0.5126701294850322
0.7203906316588031
0.7203906316588031
0.4472071463655986
0.9412099619602339
0.7427677871015286
0.46646429020214225
0.7260607347515866
0.7847189574001564
0.9412099619602339
0.49278540195213605
0.07892438474786925
0.9412099619602339
0.07892438474786925
0.6263313393175598
0.39193010324661015
0.48973607804136166
0.3927857182198722
0.07892438474786925
0.8771063011063012
0.9412099619602339
0.3174485589659267
0.7014144301639242
0.600342638752588
0.8431428571428572
0.682879865912823
0.714279229528543
0.714279229528543
0.07892438474786925
0.8494920634920635
0.07892438474786925
0.2373600332594235
0.7166106161791528
0.12694152046783624
0.7260607347515866
0.16849978605049207
0.508506732370509
0.19428856307028466
0.6825375243141704
0.07892438474786925
0.714279229528543
0.7203906316588031
0.8598624338624339
0.600342638752588
0.18613680666312243
0.8105749854300974
0.9412099619602339
0.42643117640314554
0.7260607347515866
0.5794294993363498
0.6192628265460153
0.28455254662840745
0.6526787187149314
0.7203906316588031
0.4266601495713602
0.7260645366112586
0.8102972076523196
0.6334985194249334
0.9412099619602339
0.7203906316588031
0.7035255522937238
0.6841956553865073
0.5980143245707914
0.7957810786200616
0.7508657155384401
0.6135098218966144
0.07892438474786925
0.7203906316588031
0.7203906316588031
0.7203906316588031
0.11476163044426987
0.7260607347515866
0.31835328811158325
0.5015757091325084
0.27979368656264203
0.07892438474786925
0.588478231972927
0.7203906316588031
0.6882905289635712
0.7203906316588031
0.15292014773943954
0.9412099619602339
0.7032213842202557
0.9412099619602339
0.22976624427550085
0.714279229528543
0.5327491566129333
0.9412099619602339
0.8026054352553634
0.600342638752588
0.25889849479788507
0.7538328877969513
0.2819360685006331
0.07892438474786925
0.7203906316588031
0.6681127167191092
0.7203906316588031
0.8598624338624339
0.9412099619602339
0.600342638752588
0.4902104636500277
0.1541154335113145
0.9412099619602339
0.513978502283786
0.7203906316588031
0.35752131480596383
0.5542954300596379
0.9412099619602339
0.4072361299635171
0.7427677871015286
0.7700296918634333
0.5347899729394638
0.5675650925566889
0.07892438474786925
0.9412099619602339
0.714279229528543
0.12694152046783624
0.5794294993363498
0.7427677871015286
0.9412099619602339
0.07892438474786925
0.07892438474786925
0.8220588563978394
0.5878692156484066
0.07892438474786925
0.7789195457661833
0.9254035103473306
0.08420607488871432
0.8894743392807909
0.714279229528543
0.8346270289660118
0.29295580534273835
0.8294923643474764
0.7203906316588031
0.5224182185958427
0.9170341377844096
0.790681194511703
0.9412099619602339
0.8220588563978394
0.9412099619602339
0.7626273642839597
0.7203906316588031
0.7405768637838447
0.7427677871015286
0.714279229528543
0.7508657155384401
0.600342638752588
0.4522098852625094
0.600342638752588
0.9262928376146776
0.600342638752588
0.6997449452779024
0.9412099619602339
0.7203906316588031
0.8475849309673922
0.9412099619602339
0.5986433857152403
0.8719072107571406
0.9412099619602339
0.80061372182227
0.19218943824206983
0.3289870205043883
0.41773686433130397
0.7203906316588031
0.9412099619602339
0.8239788808178637
0.07892438474786925
0.8598624338624339
0.8124950098501218
0.600342638752588
0.4900035057286485
0.600342638752588
0.722581554976487
0.9412099619602339
0.7260607347515866
0.9170341377844096
0.3762891386760717
0.7605107968207073
0.757438396637723
0.9412099619602339
0.9412099619602339
0.7405768637838447
0.34386489625182926
0.07892438474786925
0.7405768637838447
0.7093756328652174
0.7508657155384401
0.7203906316588031
0.714279229528543
0.6804967079876397
0.9412099619602339
0.8900642031076813
0.7203906316588031
0.7791973235439611
0.44520183073229297
0.5522112249928428
0.9412099619602339
0.7203906316588031
0.29387873195203523
0.7203906316588031
0.2832084313957769
0.9412099619602339
0.5964030513579152
0.7405768637838447
0.07892438474786925
0.8719072107571406
0.8217810786200616
0.5536622960291715
0.7405768637838447
0.6997449452779024
0.8843968623594509
0.9412099619602339
0.4135616881823253
0.7260607347515866
0.3174485589659267
0.5713553737434915
0.7405768637838447
0.7969782731059326
0.6548360569195034
0.7203906316588031
0.8900642031076813
0.07892438474786925
0.6997449452779024
0.714279229528543
0.8105749854300974
0.5557671177995073
0.7791973235439611
0.7203906316588031
0.1971565435052277
0.7112495696450544
0.9196761085260384
0.8519381275002573
0.5167141909479162
0.5137012194727792
0.7727528209667783
0.07892438474786925
0.7922459979167218
0.37217018329070756
0.9412099619602339
0.7203906316588031
0.7203906316588031
0.6000029843895807
0.7405768637838447
0.750508926456362
0.7789195457661833
0.4429813206640965
0.07892438474786925
0.7203906316588031
0.22634029641731823
0.9412099619602339
0.18416040639375186
0.07892438474786925
0.4113007943534185
0.48973607804136166
0.9412099619602339
0.7203906316588031
0.8158279523270023
0.07892438474786925
0.9412099619602339
0.5327491566129333
0.8105749854300974
0.8651053391053392
0.40402757381378446
0.7260607347515866
0.1591341225755846
0.6953590417351158
0.513978502283786
0.6720086156221479
0.6378412891334989
0.7260607347515866
0.24813650595999048
0.7962892711443833
0.35835764987501767
0.7203906316588031
0.6034057962508834
0.13434892787524366
0.5601090607184174
0.714279229528543
0.19632049237312393
0.18613680666312243
0.6780842532562471
0.7203906316588031
0.9412099619602339
0.8598624338624339
0.6997449452779024
0.4208696790769423
0.9412099619602339
0.9412099619602339
0.382226829295979
0.16113680666312244
0.9412099619602339
0.7427677871015286
0.7282516580692705
0.7203906316588031
0.7203906316588031
0.588478231972927
0.688819176093405
0.6537396194764789
0.8955002843502143
0.31835328811158325
0.7203906316588031
0.7427677871015286
0.7260607347515866
0.07892438474786925
0.8900642031076813
0.2823402704135737
0.7533546487719938
0.9412099619602339
0.6452515271109871
0.9412099619602339
0.1290672377343986
0.1821834612619817
0.9412099619602339
0.7203906316588031
0.1263198960269257
0.7260607347515866
0.8409762353152181
0.7427677871015286
0.7203906316588031
0.7245501407096007
0.9412099619602339
0.42643117640314554
0.513978502283786
0.9412099619602339
0.12126781909130357
0.07892438474786925
0.6513629292412472
0.7203906316588031
0.12165983032699117
0.8719072107571406
0.42643117640314554
0.6936335431476233
0.9412099619602339
0.18613680666312243
0.6944019310938313
0.7508657155384401
0.18613680666312243
0.682879865912823
0.7508657155384401
0.6936335431476423
0.2373600332594235
0.7427677871015286
0.7203906316588031
0.7203906316588031
0.600342638752588
0.8431428571428572
0.7473634778365674
0.08530012826108785
0.07892438474786925
0.21806088731034662
0.10610427477143562
0.7302381843759218
0.5469213668295986
0.9194294952359469
0.07892438474786925
0.4232226202534129
0.5327491566129333
0.11712401161354088
0.07892438474786925
0.9412099619602339
0.07892438474786925
0.600342638752588
0.9412099619602339
0.9093164931102432
0.7203906316588031
0.28948312755643085
0.7203906316588031
0.07892438474786925
0.7363495865061819
0.9412099619602339
0.7260607347515866
0.7825211552023542
0.5794294993363498
0.228122504457077
0.600342638752588
0.5675650925566889
0.9412099619602339
0.6949493326213265
0.8195125475621324
0.8369367828192441
0.9412099619602339
0.9412099619602339
0.6487246547892431
0.714279229528543
0.6830351520952141
0.7000720341866148
0.8303280871670701
0.17762374065285247
0.8127727876278996
0.22886493038714512
0.7203906316588031
0.840945054945055
0.7203906316588031
0.858296520913461
0.07892438474786925
0.9412099619602339
0.7427677871015286
0.7203906316588031
0.6997449452779024
0.35835764987501767
0.07892438474786925
0.8105749854300974
0.7203906316588031
0.9412099619602339
0.7341587476008321
0.10920607488871432
0.9412099619602339
0.6622399322500335
0.22192894552988895
0.6318595754241638
0.6176668544627063
0.07892438474786925
0.578693885952859
0.6936335431476423
0.9412099619602339
0.07892438474786925
0.9412099619602339
0.8598624338624339
0.799489413401587
0.6965953038650294
0.5119731866504803
0.4506057369993705
0.5932187119142154
0.7203906316588031
0.8535132275132276
0.9412099619602339
0.07892438474786925
0.7508657155384401
0.7644034167339252
0.5572341545395981
0.9412099619602339
0.6153232391513425
0.9412099619602339
0.7306794834133984
0.9412099619602339
0.714279229528543
0.7260607347515866
0.7203906316588031
0.2701663573700954
0.7260607347515866
0.7765051027722869
0.7135102359748511
0.9412099619602339
0.08420607488871432
0.7199493326213264
0.7508657155384401
0.7071405469581593
0.6006842020417709
0.9279765037829554
0.4848416505653673
0.7019358685955863
0.7203906316588031
0.07892438474786925
0.9412099619602339
0.8131607675074048
0.7203906316588031
0.6997449452779024
0.43374591455394695
0.23140558775538805
0.513978502283786
0.8324292267682096
0.9412099619602339
0.7203906316588031
0.646019915057176
0.9412099619602339
0.8409762353152181
0.6681127167191092
0.48956536482609836
0.7135102359748511
0.3144942668811999
0.7898641502573948
0.9412099619602339
0.8105749854300974
0.2369838526664921
0.07892438474786925
0.9412099619602339
0.600342638752588
0.07892438474786925
0.17856892531119753
0.508506732370509
0.7508657155384401
0.9412099619602339
0.5919029224405313
0.7203906316588031
0.600342638752588
0.29387873195203523
0.8494920634920635
0.8220588563978394
0.9412099619602339
0.6513629292412472
0.6463963406074467
0.7800411769004302
0.6016584282262721
0.8664711295146077
0.7135102359748511
0.7405768637838447
0.7260607347515866
0.8641233766233766
0.9412099619602339
0.7260607347515866
0.8056777296777298
0.7508657155384401
0.2868330240367621
0.3587886046879949
0.7219920385494032
0.5919029224405313
0.3727350568069817
0.9279765037829554
0.7203906316588031
0.7010607347515866
0.7203906316588031
0.4522098852625094
0.07892438474786925
0.7203906316588031
0.7014704438653758
0.8220588563978394
0.3602065326995102
0.17487063334809322
0.7260607347515866
0.6743853058573797
0.455418441412242
0.12126781909130357
0.6997449452779024
0.9412099619602339
0.9412099619602339
0.17690774810122473
0.600342638752588
0.6016584282262721
0.5411888729249901
0.7282516580692705
0.7260607347515866
0.7203906316588031
0.7508657155384401
0.8522075785758279
0.7203906316588031
0.9412099619602339
0.07892438474786925
0.5652392049535666
0.07892438474786925
0.9412099619602339
0.9412099619602339
0.7427677871015286
0.30295580534273836
0.4141871136046171
0.5327491566129333
0.7260607347515866
0.6578725517297415
0.714279229528543
0.7203906316588031
0.5925488177766566
0.7151526333287074
0.07892438474786925
0.7260607347515866
0.7282516580692705
0.5878692156484066
0.5199937756618079
0.6760291448278992
0.7427677871015286
0.9412099619602339
0.7822433774245765
0.7203906316588031
0.9412099619602339
0.5224119554767006
0.9412099619602339
0.6974141501634635
0.34998332470467014
0.7427677871015286
0.7203906316588031
0.9412099619602339
0.7363495865061819
0.1319161094750578
0.7492451707550017
0.7508657155384401
0.7405768637838447
0.30837148557522365
0.8105749854300974
0.9412099619602339
0.16113680666312244
0.7511434933162178
0.42410039967865243
0.8561007591442374
0.07892438474786925
0.7719978407481125
0.07892438474786925
0.6997449452779024
0.7203906316588031
0.6526787187149314
0.7677272483923183
0.3542087689504181
0.7203906316588031
0.5690985613192592
0.9412099619602339
0.7203906316588031
0.8105749854300974
0.5210978244335812
0.8185968487499379
0.9412099619602339
0.28979368656264204
0.9412099619602339
0.3487410759727295
0.6587585309215042
0.3389688230407479
0.27234027041357367
0.7937272483923183
0.7203906316588031
0.48499123727468946
0.07892438474786925
0.7508657155384401
0.7203906316588031
0.7203906316588031
0.7260607347515866
0.7508657155384401
0.7203906316588031
0.5760048088687456
0.6385373093864037
0.7203906316588031
0.2823402704135737
0.07892438474786925
0.9412099619602339
0.8220588563978394
0.7427677871015286
0.5878692156484066
0.9170341377844096
0.7825211552023542
0.6507797632175911
0.8774077177302985
0.8664711295146077
0.5467536219010107
0.9412099619602339
0.6720086156221479
0.6737562447129306
0.7825211552023542
0.7282516580692705
0.8141839981522085
0.9412099619602339
0.5878692156484066
0.5244590349223733
0.6016584282262721
0.8719072107571406
0.8535132275132276
0.49241674445782363
0.9038006796071312
0.6882905289635712
0.23634029641731824
0.8409762353152181
0.7203906316588031
0.578693885952859
0.9329095667033169
0.8409762353152181
0.7203906316588031
0.9412099619602339
0.9412099619602339
0.22634029641731823
0.7203906316588031
0.16113680666312244
0.3201663573700954
0.9412099619602339
0.9412099619602339
0.9412099619602339
0.7203906316588031
0.7260607347515866
0.9412099619602339
0.9412099619602339
0.9412099619602339
0.7397492426103333
0.16113680666312244
0.07892438474786925
0.7203906316588031
0.5347899729394638
0.3053675758938917
0.07892438474786925
0.6263313393175598
0.48499123727468946
0.3144942668811999
0.18987866865217953
0.13851858764641997
0.5864374156463964
0.6640468969148136
0.7962892711443833
0.8655580044079343
0.9412099619602339
0.7719545256699811
0.7203906316588031
0.07892438474786925
0.5760048088687456
0.7203906316588031
0.6016584282262721
0.7199900793650793
0.6016584282262721
0.10571226353574806
0.13434892787524366
0.7203906316588031
0.10571226353574806
0.600342638752588
0.44099459709949007
0.9412099619602339
0.8664711295146077
0.6737562447129306
0.6784939623700363
0.8719072107571406
0.9412099619602339
0.7645529347768908
0.9412099619602339
0.8494920634920635
0.5760048088687456
0.2899536013115363
0.63934432692105
0.5527335173868009
0.10610427477143562
0.7689084717893657
0.9412099619602339
0.600342638752588
0.921627297433749
0.07892438474786925
0.6586166639353247
0.600342638752588
0.7203906316588031
0.7427677871015286
0.9412099619602339
0.4072361299635171
0.9412099619602339
0.8105749854300974
0.8242566585956416
0.8105749854300974
0.07892438474786925
0.42643117640314554
0.7203906316588031
0.5227690957888251
0.1835979242667696
0.5363234417020343
0.22634029641731823
0.3289870205043883
0.3433644274363523
0.9412099619602339
0.7203906316588031
0.7203906316588031
0.9412099619602339
0.9176168883671603
0.682879865912823
0.4415537665926368
0.7408546415616224
0.3830692586399108
0.5760048088687456
0.8866913693381548
0.07892438474786925
0.8412357246181857
0.5654111829922107
0.8346270289660118
0.7203906316588031
0.7203906316588031
0.7203906316588031
0.5483957217795525
0.7530343378765539
0.07892438474786925
0.600342638752588
0.9279765037829554
0.23953394630290176
0.8955002843502143
0.7427677871015286
0.9412099619602339
0.7260607347515866
0.48973607804136166
0.7014704438653758
0.6921692217461083
0.9412099619602339
0.6953590417351158
0.07892438474786925
0.45839587185579467
0.9170341377844096
0.7508657155384401
0.6209883251334887
0.7203906316588031
0.7035255522937238
0.7508657155384401
0.7359971783251203
0.07892438474786925
0.9412099619602339
0.8664711295146077
0.7508657155384401
0.8983645983645984
0.5675650925566889
0.9329095667033169
0.3582423031837933
0.7508657155384401
0.07892438474786925
0.5878692156484066
0.9279765037829554
0.600342638752588
0.7791973235439611
0.7203906316588031
0.7203906316588031
0.7260607347515866
0.8398315543476833
0.9345932328715947
0.7203906316588031
0.513978502283786
0.07892438474786925
0.10571226353574806
0.7260607347515866
0.9412099619602339
0.6704118900728828
0.7203906316588031
0.7363495865061819
0.8719072107571406
0.6192628265460153
0.8730878586032469
0.7825211552023542
0.7203906316588031
0.7203906316588031
0.6852271103991042
0.8099709443099273
0.26792213206957977
0.07892438474786925
0.5557031123557021
0.07892438474786925
0.9412099619602339
0.7203906316588031
0.7427677871015286
0.600342638752588
0.6776787187149315
0.7427677871015286
0.7203906316588031
0.7014704438653758
0.47418909574138934
0.8900642031076813
0.26204365821954545
0.7427677871015286
0.7427677871015286
0.07892438474786925
0.5551933382130676
0.6241011628196242
0.5760048088687456
0.7824274277506491
0.07892438474786925
0.7203906316588031
0.5918400657038425
0.8192791455461157
0.6780842532562471
0.5014161640078516
0.7800411769004302
0.7009139113563434
0.13216903785167727
0.22634029641731823
0.5760048088687456
0.9412099619602339
0.5014566396061306
0.7203906316588031
0.6676448425826704
0.9412099619602339
0.5056901145062244
0.40402757381378446
0.8243381772114166
0.7260607347515866
0.7473634778365674
0.8598624338624339
0.6318595754241638
0.9412099619602339
0.7265989393518202
0.4445046548820537
0.9412099619602339
0.07892438474786925
0.523253579984971
0.4607488130322652
0.7791973235439611
0.8900642031076813
0.40402757381378446
0.600342638752588
0.9412099619602339
0.9412099619602339
0.9279765037829554
0.9345932328715947
0.7405768637838447
0.25402669992609017
0.6780842532562471
0.48973607804136166
0.6676448425826704
0.8105749854300974
0.5074384888080238
0.5902175526715364
0.07892438474786925
0.7508657155384401
0.9412099619602339
0.8802076060140577
0.7203906316588031
0.4846341276867518
0.7825211552023542
0.07892438474786925
0.774145448987665
0.8124019015786399
0.5548150181499596
0.7203906316588031
0.8863185952624155
0.9170341377844096
0.6936335431476423
0.8105749854300974
0.7203906316588031
0.7260607347515866
0.5327491566129333
0.7623495865061819
0.07892438474786925
0.714279229528543
0.714279229528543
0.6006842020417709
0.8664711295146077
0.07892438474786925
0.8598624338624339
0.6465673165846713
0.47456705047108255
0.5655242762301582
0.7203906316588031
0.513978502283786
0.7014704438653758
0.12165983032699117
0.07892438474786925
0.9412099619602339
0.9412099619602339
0.574014283824609
0.9412099619602339
0.6091239183538277
0.7260607347515866
0.7216566759904175
0.9038006796071312
0.2373600332594235
0.20528766483837088
0.6263313393175598
0.6266900181499596
0.4828653311851002
0.8346270289660118
0.7203906316588031
0.9412099619602339
0.6205786160196994
0.8141839981522085
0.7541145649793299
0.935773880717701
0.18613680666312243
0.7203906316588031
0.9038006796071312
0.9412099619602339
0.9412099619602339
0.5675650925566889
0.7260607347515866
0.07892438474786925
0.18028766483837086
0.07892438474786925
0.8313968861277605
0.9412099619602339
0.5327491566129333
0.7203906316588031
0.8324292267682096
0.8664711295146077
0.9412099619602339
0.9279765037829554
0.7140092612253787
0.7311226071640389
0.8220588563978394
0.7427677871015286
0.9412099619602339
0.9412099619602339
0.5472633960436454
0.705776828217622
0.9412099619602339
0.9412099619602339
0.9412099619602339
0.6974141501634635
0.8598624338624339
0.7789195457661833
0.787913564929694
0.6780842532562471
0.8796938327373109
0.7508657155384401
0.44329426733329746
0.5675650925566889
0.7203906316588031
0.7203906316588031
0.39671958291916737
0.7199493326213264
0.3594962620861881
0.12165983032699117
0.07892438474786925
0.714279229528543
0.7097578268587185
0.6997449452779024
0.6780842532562471
0.7405768637838447
0.12165983032699117
0.17613680666312245
0.2868330240367621
0.07892438474786925
0.9137257732400901
0.7203906316588031
0.714279229528543
0.7405768637838447
0.23953394630290176
0.7221560006921308
0.600342638752588
0.600342638752588
0.44691943731870765
0.8598624338624339
0.6337585309215041
0.513978502283786
0.7530343378765539
0.7427677871015286
0.28948312755643085
0.7203906316588031
0.7203906316588031
0.7203906316588031
0.7203906316588031
0.8105749854300974
0.8346270289660118
0.07892438474786925
0.8934410641913362
0.7203906316588031
0.7969782731059326
0.2783458598349509
0.14844770911486996
0.7203906316588031
0.46421526731223645
0.6064540408828482
0.5162353147080183
0.7203906316588031
0.8513154253154254
0.9170341377844096
0.714279229528543
0.4350313277484907
0.7764097530720941
0.19411344952163784
0.07892438474786925
0.6780842532562471
0.6548360569195034
0.7203906316588031
0.9412099619602339
0.23953394630290176
0.7684223184223185
0.7203906316588031
0.29980681700879497
0.914817000083401
0.4399728430698122
0.7203906316588031
0.7260607347515866
0.5189872650090964
0.47951946736141265
0.9412099619602339
0.7511434933162178
0.8711780045604659
0.8664711295146077
0.7203906316588031
0.9412099619602339
0.3113139506374632
0.7511434933162178
0.48499123727468946
0.9412099619602339
0.31064281256500936
0.5990844558069389
0.44485420518912805
0.9412099619602339
0.6760291448278992
0.43374591455394695
0.9412099619602339
0.7260607347515866
0.8601219231654014
0.18831071970660068
0.7203906316588031
0.714279229528543
0.6552209962607607
0.8888915886980403
0.16113680666312244
0.9412099619602339
0.391499049706313
0.2430802087192227
0.8124950098501218
0.6578482759891356
0.9279765037829554
0.9412099619602339
0.10188734771083222
0.07892438474786925
0.7405768637838447
0.7649116092582469
0.600342638752588
0.18218943824206982
0.6507797632175911
0.5160193186103166
0.6337585309215041
0.7203906316588031
0.4829859216413839
0.5880187491126864
0.6385373093864037
0.7859070977331848
0.25889849479788507
0.9412099619602339
0.6714254495984917
0.7260607347515866
0.8664711295146077
0.07892438474786925
0.714279229528543
0.8960830349329647
0.9412099619602339
0.7203906316588031
0.9412099619602339
0.2823402704135737
0.9412099619602339
0.12165983032699117
0.9412099619602339
0.3144942668811999
0.6944019310938313
0.42873092887811987
0.5760048088687456
0.3289870205043883
0.714279229528543
0.7847189574001564
0.6693703411701439
0.8032026205653144
0.8652985151049666
0.07892438474786925
0.722581554976487
0.3173332122747024
0.603335336911379
0.5160193186103166
0.7508657155384401
0.28016635737009543
0.07892438474786925
0.8705427760229589
0.7508657155384401
0.9412099619602339
0.7203906316588031
0.12165983032699117
0.07892438474786925
0.600342638752588
0.600342638752588
0.9412099619602339
0.22634029641731823
0.8960830349329647
0.600342638752588
0.7203906316588031
0.455418441412242
0.3174485589659267
0.5347899729394638
0.8324292267682096
0.2823402704135737
0.9412099619602339
0.9412099619602339
0.5432296892515207
0.7203906316588031
0.8409762353152181
0.7203906316588031
0.2285142094607965
0.9412099619602339
0.59815917321792
0.4232226202534129
0.6984964791615491
0.639908512926916
0.8535132275132276
0.9412099619602339
0.8102972076523196
0.7719545256699811
0.8535132275132276
0.5650328295288307
0.07892438474786925
0.9412099619602339
0.17613680666312245
0.07892438474786925
0.2904430372119927
0.7427677871015286
0.9412099619602339
0.12126781909130357
0.7203906316588031
0.7511434933162178
0.9412099619602339
0.6345036025942791
0.8664711295146077
0.8719072107571406
0.8313968861277605
0.691802378284071
0.9043834301898819
0.374656944443155
0.7024836995017847
0.17613680666312245
0.6760291448278992
0.600342638752588
0.9142400272835054
0.9412099619602339
0.10716903785167728
0.8598624338624339
0.3273093617890361
0.07892438474786925
0.07892438474786925
0.44329426733329746
0.667163257823502
0.513978502283786
0.6109525467274912
0.5305433247359371
0.6998721197097291
0.7510300056273187
0.8535132275132276
0.16113680666312244
0.6545421201755323
0.9412099619602339
0.7203906316588031
0.6263313393175598
0.8960830349329647
0.21634029641731822
0.2373600332594235
0.445020220872608
0.9279765037829554
0.17613680666312245
0.7203906316588031
0.911702978139683
0.5794294993363498
0.24862019468463767
0.9412099619602339
0.9412099619602339
0.600342638752588
0.7508657155384401
0.7203906316588031
0.8719072107571406
0.9412099619602339
0.7203906316588031
0.6936335431476423
0.5262060732039712
0.07892438474786925
0.7203906316588031
0.6828856186309343
0.9412099619602339
0.2307177033492823
0.6882905289635712
0.7199493326213264
0.7260607347515866
0.2071894382420698
0.7427677871015286
0.6809772565531982
0.7508657155384401
0.9412099619602339
0.07892438474786925
0.7203906316588031
0.8220588563978394
0.42488007221841056
0.7282516580692705
0.6944019310938313
0.8124019015786399
0.08420607488871432
0.8891510780010078
0.6949493326213265
0.7427677871015286
0.07892438474786925
0.6263313393175598
0.7508657155384401
0.07892438474786925
0.8209453558004677
0.46147070519618244
0.8598624338624339
0.7260607347515866
0.600342638752588
0.07892438474786925
0.27234027041357367
0.2373600332594235
0.9412099619602339
0.07892438474786925
0.9412099619602339
0.790681194511703
0.5599693188475809
0.9412099619602339
0.0944799403034248
0.2831625767860801
0.10188734771083222
0.9412099619602339
0.8112543054611658
0.7427677871015286
0.15372939925571502
0.07892438474786925
0.33182596589789076
0.600342638752588
0.8220588563978394
0.7203906316588031
0.7203906316588031
0.9412099619602339
0.15372939925571502
0.513978502283786
0.8328081825984869
0.7203906316588031
0.21076732822860259
0.2701663573700954
0.7232652997987945
0.7203906316588031
0.5327491566129333
0.9412099619602339
0.7203906316588031
0.17040155945419105
0.3727350568069817
0.9412099619602339
0.9412099619602339
0.8785239398457799
0.6974141501634635
0.15372939925571502
0.46896010807890864
0.07892438474786925
0.7203906316588031
0.3759436129567143
0.7700296918634333
0.6452515271109871
0.2917045553708523
0.5675650925566889
0.12694152046783624
0.600342638752588
0.8601219231654014
0.30485688037079994
0.1971894382420698
0.7035255522937238
0.8217810786200616
0.2823402704135737
0.7363495865061819
0.7203906316588031
0.6329149610146412
0.722581554976487
0.6478654143058079
0.6016584282262721
0.07892438474786925
0.5551933382130676
0.8105749854300974
0.25914662052799015
0.5467536219010107
0.9170341377844096
0.9279765037829554
0.7822433774245765
0.5467536219010107
0.7203906316588031
0.7203906316588031
0.8785239398457799
0.8000083558977243
0.10571226353574806
0.09553356403521737
0.7203906316588031
0.2968330240367621
0.23953394630290176
0.6317339893750058
0.7958636157072385
0.7260607347515866
0.9412099619602339
0.6183386713822855
0.6944019310938313
0.2373600332594235
0.7508657155384401
0.9412099619602339
0.9071090441514509
0.8719072107571406
0.07892438474786925
0.6758171058593898
0.7203906316588031
0.7508657155384401
0.9412099619602339
0.07892438474786925
0.4208696790769423
0.2074615778818491
0.7203906316588031
0.5794294993363498
0.07892438474786925
0.5966504952496463
0.629266825307198
0.9412099619602339
0.7924061342090376
0.07892438474786925
0.7260607347515866
0.7203906316588031
0.7427677871015286
0.9412099619602339
0.5740076780184715
0.5878692156484066
0.9412099619602339
0.714279229528543
0.6469770256984605
0.29295580534273835
0.49320253232133293
0.6520955526912753
0.7405768637838447
0.28948312755643085
0.7825211552023542
0.22634029641731823
0.8346270289660118
0.7282516580692705
0.7203906316588031
0.6953590417351158
0.29690501260001195
0.6568969180659625
0.7203906316588031
0.9412099619602339
0.7203906316588031
0.4135616881823253
0.6209883251334887
0.8719072107571406
0.7203906316588031
0.7493352961925507
0.40402757381378446
0.07892438474786925
0.7203906316588031
0.6243868249054008
0.7203906316588031
0.6192628265460153
0.7822433774245765
0.7203906316588031
0.7203906316588031
0.7203906316588031
0.9412099619602339
0.6021840671435219
0.722581554976487
0.8719072107571406
0.9412099619602339
0.7203906316588031
0.7260607347515866
0.13434892787524366
0.7822433774245765
0.7014704438653758
0.7147384103477504
0.639908512926916
0.21634029641731822
0.7789195457661833
0.24953394630290177
0.8356083873429491
0.8475849309673922
0.7203906316588031
0.7203906316588031
